120
120
173
197
167
110
147
161
123
103
167
146
190
110
124
171
121
117
150
119
182
107
166
183
132
117
169
166
149
125
125
129
120
150
152
161
195
111
141
141
125
120
108
139
196
156
116
133
141
193
160
178
109
106
136
129
184
168
119
123
178
145
152
141
116
118
138
144
170
129
197
160
144
140
148
158
108
113
191
192
150
194
165
194
133
176
147
132
163
173
172
196
177
174
125
157
197
150
166
112
120
127
111
167
134
181
133
138
149
144
177
197
138
104
180
198
171
147
157
151
184
148
155
126
132
142
182
149
160
145
170
169
142
172
183
126
156
197
197
103
181
139
113
122
141
161
182
128
154
183
169
127
109
173
160
118
129
134
196
120
180
161
173
141
199
156
197
164
128
166
161
102
115
154
117
148
166
125
164
175
131
161
142
121
154
173
182
178
100
199
117
123
150
116
114
158
109
117
146
184
160
177
